1472860812.488	  49.83340	68	3
1472860813.491	  49.81624	68	3
1472860814.494	  49.81431	62	3
1472860815.498	  49.82933	71	3
1472860816.501	  49.85899	54	3
1472860817.503	  49.89270	58	3
1472860818.505	  49.91627	57	3
1472860819.506	  49.94251	59	3
1472860820.507	  49.94509	63	3
1472860821.509	  49.94721	62	3
1472860822.510	  49.93462	64	3
1472860823.512	  49.93739	67	3
1472860824.513	  49.92595	63	3
1472860825.513	  49.95436	66	3
1472860826.515	  49.95043	58	3
1472860827.516	  49.94930	58	3
1472860828.517	  49.96578	67	3
1472860829.519	  49.86959	38	3
1472860830.522	  49.82824	65	3
1472860831.525	  49.80240	62	3
1472860832.529	  49.81062	59	3
1472860833.532	  49.88284	58	3
1472860834.533	  49.92013	53	3
1472860835.534	  49.94697	60	3
1472860836.535	  49.98535	61	3
1472860837.535	  50.00296	75	3
1472860838.535	  50.00243	73	3
1472860839.534	  50.00253	59	3
1472860840.535	  49.99063	56	3
1472860841.535	  49.98926	67	3
1472860842.536	  49.93752	53	3
1472860843.538	  49.87895	55	3
1472860844.540	  49.87758	64	3
1472860845.542	  49.91627	59	3
1472860846.544	  49.92561	68	3
1472860847.545	  49.92814	59	3
1472860848.546	  49.97801	68	3
1472860849.546	  49.94956	55	3
1472860850.547	  49.93384	61	3
1472860851.548	  49.93577	59	3
1472860852.550	  49.92754	38	3
1472860853.554	  49.84657	68	3
1472860854.557	  49.84628	72	3
1472860855.559	  49.84479	71	3
1472860856.563	  49.86931	55	3
1472860857.564	  49.87204	55	3
1472860858.567	  49.89538	65	3
1472860859.568	  49.91050	70	3
1472860860.570	  49.87621	66	3
1472860861.573	  49.88007	59	3
1472860862.576	  49.91243	60	3
1472860863.577	  49.91483	58	3
1472860864.578	  49.91966	50	3
1472860865.578	  49.95923	64	3
1472860866.580	  49.88536	42	3
1472860867.583	  49.85371	58	3
1472860868.587	  49.85069	61	3
1472860869.590	  49.82406	60	3
1472860870.593	  49.80975	63	3
1472860871.598	  49.81096	67	3
1472860872.601	  49.84945	66	3
1472860873.603	  49.87920	58	3
1472860874.604	  49.88243	57	3
1472860875.606	  49.92253	63	3
1472860876.608	  49.94245	65	3
1472860877.609	  49.94328	54	3
1472860878.612	  49.89721	63	3
1472860879.613	  49.89519	62	3
1472860880.615	  49.92349	61	3
1472860881.616	  49.92378	73	3
1472860882.618	  49.92378	62	3
1472860883.619	  49.93147	64	3
1472860884.620	  49.94011	56	3
1472860885.620	  49.98916	44	3
1472860886.621	  49.98594	67	3
1472860887.621	  49.91695	48	3
1472860888.624	  49.86586	64	3
1472860889.627	  49.85020	69	3
1472860890.630	  49.85172	62	3
1472860891.632	  49.85846	65	3
1472860892.635	  49.88156	64	3
1472860893.636	  49.88797	46	3
1472860894.638	  49.94924	66	3
1472860895.639	  49.93051	61	3
1472860896.640	  49.92997	62	3
1472860897.643	  49.89693	62	3
1472860898.644	  49.89883	64	3
1472860899.646	  49.89572	60	3
1472860900.649	  49.88390	68	3
1472860901.651	  49.89370	64	3
1472860902.653	  49.88654	64	3
1472860903.657	  49.78174	39	3
1472860904.662	  49.74978	72	3
1472860905.667	  49.74898	67	3
1472860906.672	  49.75647	57	3
1472860907.676	  49.79648	58	3
1472860908.680	  49.80017	59	3
1472860909.682	  49.87674	53	3
1472860910.684	  49.89136	68	3
1472860911.686	  49.92627	57	3
1472860912.688	  49.89090	57	3
1472860913.691	  49.88875	70	3
1472860914.693	  49.85921	63	3
1472860915.696	  49.84740	63	3
1472860916.699	  49.85135	64	3
1472860917.702	  49.85144	61	3
1472860918.704	  49.89945	54	3
1472860919.707	  49.93284	64	3
1472860920.707	  49.92789	61	3
1472860921.709	  49.96447	56	3
1472860922.709	  49.96774	56	3
1472860923.710	  49.96653	52	3
1472860924.711	  49.95323	63	3
1472860925.712	  49.98451	65	3
1472860926.711	  49.99388	72	3
1472860927.712	  49.99022	62	3
1472860928.713	  49.92674	59	3
1472860929.714	  49.92758	58	3
1472860930.714	  50.02163	58	3
1472860931.713	  50.04573	62	3
1472860932.712	  49.99872	52	3
1472860933.713	  49.96138	64	3
1472860934.714	  49.95891	69	3
1472860935.715	  49.96684	62	3
1472860936.716	  49.92116	62	3
1472860937.717	  49.92549	65	3
1472860938.718	  49.92471	52	3
1472860939.721	  49.89114	56	3
1472860940.722	  49.89270	69	3
1472860941.725	  49.88921	59	3
1472860942.727	  49.89152	65	3
1472860943.728	  49.92493	62	3
1472860944.729	  49.92904	54	3
1472860945.729	  50.00800	57	3
1472860946.729	  50.01569	65	3
1472860947.729	  50.01628	62	3
1472860948.729	  49.98061	59	3
1472860949.730	  49.97970	63	3
1472860950.729	  50.02201	69	3
1472860951.729	  50.01725	53	3
1472860952.729	  49.96893	55	3
1472860953.730	  49.96937	55	3
1472860954.730	  50.00031	57	3
1472860955.729	  50.00353	63	3
1472860956.729	  50.03474	51	3
1472860957.728	  50.04626	63	3
1472860958.727	  50.04839	60	3
1472860959.727	  49.97598	54	3
1472860960.728	  49.96359	67	3
1472860961.728	  49.99666	54	3
1472860962.728	  50.02204	66	3
1472860963.728	  50.01459	55	3
1472860964.729	  49.94484	67	3
1472860965.729	  49.97012	67	3
1472860966.731	  49.96899	72	3
1472860967.731	  49.97480	78	3
1472860968.731	  49.97754	59	3
1472860969.730	  50.05553	51	3
1472860970.728	  50.14416	36	3
1472860971.724	  50.20944	66	3
1472860972.720	  50.20254	60	3
1472860973.718	  50.07696	36	3
1472860974.717	  50.00690	48	3
1472860975.718	  49.94990	52	3
1472860976.719	  49.95089	57	3
1472860977.721	  49.93580	68	3
1472860978.721	  49.95570	67	3
1472860979.721	  49.98129	65	3
1472860980.722	  49.97358	63	3
1472860981.723	  49.93540	56	3
1472860982.724	  49.93144	58	3
1472860983.726	  49.96696	58	3
1472860984.726	  49.94930	62	3
1472860985.727	  49.94672	58	3
1472860986.728	  49.94781	63	3
1472860987.729	  49.97651	61	3
1472860988.730	  49.97814	58	3
1472860989.730	  49.95211	66	3
1472860990.731	  49.97498	73	3
1472860991.732	  49.97180	68	3
1472860992.732	  49.96909	66	3
1472860993.733	  49.93041	65	3
1472860994.734	  49.97427	48	3
1472860995.734	  50.01209	57	3
1472860996.734	  50.05534	56	3
1472860997.732	  50.05938	69	3
1472860998.731	  50.03242	63	3
1472860999.730	  50.03083	63	3
1472861000.729	  50.06966	59	3
1472861001.728	  50.07326	64	3
1472861002.726	  50.07433	58	3
1472861003.723	  50.09392	59	3
1472861004.721	  50.09389	55	3
1472861005.720	  50.11222	71	3
1472861006.717	  50.10924	69	3
1472861007.716	  50.08756	65	3
1472861008.713	  50.08831	60	3
1472861009.712	  50.06352	57	3
1472861010.711	  50.06185	62	3
1472861011.709	  50.06740	69	3
1472861012.708	  50.06978	71	3
1472861013.707	  50.06890	59	3
1472861014.705	  50.07260	53	3
1472861015.703	  50.09828	55	3
1472861016.701	  50.10497	62	3
1472861017.699	  50.10108	56	3
1472861018.697	  50.10440	54	3
1472861019.695	  50.10145	57	3
1472861020.692	  50.10202	60	3
1472861021.690	  50.08621	64	3
1472861022.689	  50.08746	57	3
1472861023.687	  50.08464	60	3
1472861024.687	  49.99866	47	3
1472861025.688	  49.93418	53	3
1472861026.689	  49.93443	60	3
1472861027.689	  49.97261	59	3
1472861028.690	  49.97436	65	3
1472861029.689	  50.01509	62	3
1472861030.689	  50.01747	55	3
1472861031.688	  50.06511	61	3
1472861032.686	  50.06797	59	3
1472861033.684	  50.06903	59	3
1472861034.683	  50.06950	65	3
1472861035.682	  50.03586	54	3
1472861036.682	  49.98769	52	3
1472861037.683	  49.96200	57	3
1472861038.684	  49.94765	67	3
1472861039.685	  49.95938	62	3
1472861040.685	  49.98782	57	3
1472861041.685	  49.98816	61	3
1472861042.684	  50.00025	72	3
1472861043.685	  49.98029	59	3
1472861044.685	  49.98320	63	3
1472861045.686	  50.00068	65	3
1472861046.684	  50.04535	52	3
1472861047.683	  50.04717	57	3
1472861048.682	  50.05537	56	3
1472861049.681	  50.07232	56	3
1472861050.679	  50.09753	60	3
1472861051.677	  50.11913	66	3
1472861052.675	  50.12001	53	3
1472861053.672	  50.11975	66	3
1472861054.670	  50.08944	62	3
1472861055.669	  50.08539	65	3
1472861056.667	  50.08010	63	3
1472861057.665	  50.07533	66	3
1472861058.665	  49.98089	46	3
1472861059.666	  49.94428	54	3
1472861060.667	  49.92876	72	3
1472861061.668	  49.93808	60	3
1472861062.670	  49.93530	69	3
1472861063.671	  49.95788	56	3
1472861064.671	  49.98504	62	3
1472861065.672	  50.01150	57	3
1472861066.670	  50.04263	65	3
1472861067.669	  50.07781	56	3
1472861068.667	  50.08013	62	3
1472861069.665	  50.09888	64	3
1472861070.664	  50.06706	61	3
1472861071.663	  50.07003	65	3
1472861072.660	  50.05565	52	3
1472861073.660	  50.05390	68	3
1472861074.658	  50.07057	62	3
1472861075.657	  50.06959	64	3
1472861076.657	  50.06211	41	3
1472861077.657	  49.98667	66	3
1472861078.658	  49.93503	48	3
1472861079.660	  49.83296	45	3
1472861080.664	  49.82859	60	3
1472861081.667	  49.83079	61	3
1472861082.670	  49.90219	50	3
1472861083.671	  49.96852	54	3
1472861084.671	  49.99594	60	3
1472861085.671	  49.99866	63	3
1472861086.669	  50.00534	56	3
1472861087.668	  50.05593	54	3
1472861088.668	  50.05249	64	3
1472861089.667	  50.02435	74	3
1472861090.667	  50.02391	56	3
1472861091.666	  50.02551	64	3
1472861092.666	  50.02263	64	3
1472861093.666	  49.99932	57	3
1472861094.665	  50.00784	64	3
1472861095.665	  50.00897	68	3
1472861096.665	  50.01972	70	3
1472861097.665	  50.02022	60	3
1472861098.664	  50.01506	65	3
1472861099.664	  50.01588	57	3
1472861100.664	  50.01419	54	3
1472861101.663	  50.01478	60	3
1472861102.662	  50.05794	56	3
1472861103.660	  50.08536	63	3
1472861104.659	  50.08345	61	3
1472861105.658	  50.06866	61	3
1472861106.656	  50.05650	62	3
1472861107.655	  50.04075	58	3
1472861108.655	  50.03136	74	3
1472861109.654	  50.03180	67	3
1472861110.654	  50.00134	60	3
1472861111.654	  49.99079	52	3
1472861112.654	  49.98420	60	3
1472861113.655	  49.95913	61	3
1472861114.656	  49.94834	65	3
1472861115.658	  49.91564	59	3
1472861116.659	  49.91829	59	3
1472861117.660	  49.94117	70	3
1472861118.661	  49.94079	58	3
1472861119.661	  49.98813	58	3
1472861120.661	  49.98954	58	3
1472861121.662	  49.98410	59	3
1472861122.664	  49.88685	50	3
1472861123.667	  49.85610	57	3
1472861124.669	  49.88545	61	3
1472861125.671	  49.92079	62	3
1472861126.672	  49.95517	59	3
1472861127.673	  49.96837	65	3
1472861128.673	  49.96631	51	3
1472861129.673	  49.97708	68	3
1472861130.674	  49.97861	56	3
1472861131.674	  49.98057	60	3
1472861132.675	  49.94434	57	3
1472861133.676	  49.94032	58	3
1472861134.678	  49.92359	51	3
1472861135.680	  49.92162	58	3
1472861136.682	  49.91689	59	3
1472861137.683	  49.92832	61	3
1472861138.684	  49.94684	69	3
1472861139.686	  49.94890	69	3
1472861140.686	  49.94176	72	3
1472861141.687	  49.96877	57	3
1472861142.687	  49.96946	60	3
1472861143.688	  49.97065	65	3
1472861144.690	  49.91773	53	3
1472861145.691	  49.91337	60	3
1472861146.694	  49.88844	59	3
1472861147.696	  49.88698	59	3
1472861148.698	  49.88629	56	3
1472861149.700	  49.88713	63	3
1472861150.703	  49.90527	57	3
1472861151.705	  49.90804	58	3
1472861152.706	  49.87410	60	3
1472861153.709	  49.87883	72	3
1472861154.711	  49.88057	69	3
1472861155.714	  49.88159	72	3
1472861156.716	  49.90649	67	3
1472861157.717	  49.90537	67	3
1472861158.719	  49.92047	67	3
1472861159.719	  49.97907	51	3
1472861160.719	  50.02685	58	3
1472861161.718	  50.04595	58	3
1472861162.717	  50.01313	60	3
1472861163.718	  50.00815	61	3
1472861164.718	  49.97246	67	3
1472861165.718	  49.97224	69	3
1472861166.720	  49.92408	53	3
1472861167.721	  49.87472	58	3
1472861168.724	  49.84150	50	3
1472861169.727	  49.86630	61	3
1472861170.729	  49.87344	63	3
1472861171.731	  49.89002	49	3
1472861172.734	  49.88728	58	3
1472861173.738	  49.84172	69	3
1472861174.740	  49.85980	69	3
1472861175.743	  49.88178	51	3
1472861176.745	  49.88250	63	3
1472861177.747	  49.92948	59	3
1472861178.747	  49.96019	60	3
1472861179.747	  50.02335	59	3
1472861180.746	  50.04397	70	3
1472861181.746	  50.01922	65	3
1472861182.746	  50.00440	65	3
1472861183.746	  50.00368	72	3
1472861184.745	  50.00631	60	3
1472861185.746	  50.00759	55	3
1472861186.745	  49.98076	65	3
1472861187.745	  49.97733	70	3
1472861188.746	  49.98032	61	3
1472861189.745	  50.02122	69	3
1472861190.745	  50.01757	61	3
1472861191.744	  50.01825	64	3
1472861192.743	  50.05644	54	3
1472861193.743	  50.04147	65	3
1472861194.743	  49.98232	62	3
1472861195.743	  49.98139	57	3
1472861196.743	  50.02394	69	3
1472861197.743	  50.01956	59	3
1472861198.744	  49.93353	58	3
1472861199.744	  49.94943	61	3
1472861200.744	  50.00872	55	3
1472861201.744	  50.02426	63	3
1472861202.744	  49.97798	51	3
1472861203.745	  49.92565	54	3
1472861204.747	  49.92508	53	3
1472861205.748	  49.96490	56	3
1472861206.748	  49.96777	71	3
1472861207.749	  49.98007	61	3
1472861208.749	  49.97667	64	3
1472861209.749	  49.97352	60	3
1472861210.750	  50.00156	64	3
1472861211.749	  50.00737	48	3
1472861212.746	  50.16366	32	3
1472861213.741	  50.29730	36	3
1472861214.735	  50.33388	67	3
1472861215.729	  50.33179	63	3
1472861216.721	  50.32850	72	3
1472861217.715	  50.32631	65	3
1472861218.708	  50.36138	57	3
1472861219.701	  50.38349	68	3
1472861220.693	  50.38927	69	3
1472861221.686	  50.38530	63	3
1472861222.678	  50.38289	70	3
1472861223.671	  50.37756	64	3
1472861224.664	  50.37429	69	3
1472861225.656	  50.37147	69	3
1472861226.649	  50.34059	66	3
1472861227.642	  50.34034	67	3
1472861228.635	  50.34018	64	3
1472861229.629	  50.32039	69	3
1472861230.622	  50.32283	67	3
1472861231.617	  50.30233	71	3
1472861232.610	  50.30216	67	3
1472861233.604	  50.33663	60	3
1472861234.597	  50.34173	64	3
1472861235.591	  50.30802	52	3
1472861236.585	  50.27687	65	3
1472861237.580	  50.24243	65	3
1472861238.576	  50.23883	69	3
1472861239.571	  50.20827	67	3
1472861240.567	  50.19520	63	3
1472861241.564	  50.19284	70	3
1472861242.559	  50.18468	74	3
1472861243.556	  50.19385	79	3
1472861244.552	  50.18846	74	3
1472861245.548	  50.18836	70	3
1472861246.544	  50.17921	79	3
1472861247.541	  50.17659	69	3
1472861248.537	  50.20780	69	3
1472861249.532	  50.20749	77	3
1472861250.529	  50.20771	83	3
1472861251.524	  50.19932	73	3
1472861252.520	  50.18320	62	3
1472861253.516	  50.19328	75	3
1472861254.513	  50.19385	56	3
1472861255.510	  50.12952	64	3
1472861256.509	  50.13232	66	3
1472861257.505	  50.16149	69	3
1472861258.502	  50.16265	66	3
1472861259.499	  50.16394	76	3
1472861260.495	  50.16668	68	3
1472861261.492	  50.16851	59	3
1472861262.488	  50.16306	58	3
1472861263.485	  50.15976	73	3
1472861264.482	  50.09741	51	3
1472861265.481	  50.07273	63	3
1472861266.480	  50.06903	66	3
1472861267.480	  50.03327	67	3
1472861268.478	  50.09427	49	3
1472861269.475	  50.12679	69	3
1472861270.473	  50.14577	64	3
1472861271.470	  50.13103	60	3
1472861272.467	  50.12670	58	3
1472861273.465	  50.07232	66	3
1472861274.464	  50.04958	74	3
1472861275.463	  50.05055	65	3
1472861276.462	  50.05086	64	3
1472861277.461	  50.05703	71	3
1472861278.460	  50.05236	72	3
1472861279.459	  50.04873	60	3
1472861280.458	  50.04642	64	3
1472861281.457	  50.04582	72	3
1472861282.456	  50.04570	57	3
1472861283.455	  50.04454	62	3
1472861284.455	  50.04685	72	3
1472861285.453	  50.04854	65	3
1472861286.452	  50.04601	62	3
1472861287.452	  50.03515	72	3
1472861288.451	  50.01012	62	3
1472861289.451	  49.97264	65	3
1472861290.453	  49.90611	48	3
1472861291.454	  49.89273	60	3
1472861292.457	  49.89930	68	3
1472861293.458	  49.94310	58	3
1472861294.459	  49.96575	56	3
1472861295.459	  49.97723	73	3
1472861296.459	  49.97817	68	3
1472861297.460	  49.95108	58	3
1472861298.461	  49.92493	59	3
1472861299.464	  49.86166	47	3
1472861300.468	  49.81301	64	3
1472861301.471	  49.81292	63	3
1472861302.475	  49.85076	59	3
1472861303.476	  49.92845	58	3
1472861304.477	  49.95420	55	3
1472861305.477	  49.98310	62	3
1472861306.477	  49.99098	69	3
1472861307.477	  49.98901	66	3
1472861308.478	  49.98810	73	3
1472861309.478	  49.98326	62	3
1472861310.478	  49.98001	71	3
1472861311.478	  49.98285	76	3
1472861312.478	  50.01791	63	3
1472861313.477	  50.05064	65	3
1472861314.476	  50.08182	64	3
1472861315.474	  50.10155	69	3
1472861316.472	  50.09804	74	3
1472861317.470	  50.09157	68	3
1472861318.469	  50.05462	79	3
1472861319.468	  50.05362	61	3
1472861320.466	  50.07044	72	3
1472861321.464	  50.09029	58	3
1472861322.463	  50.08765	67	3
1472861323.461	  50.08398	62	3
1472861324.460	  50.08599	64	3
1472861325.457	  50.08649	64	3
1472861326.456	  50.08618	60	3
1472861327.455	  50.04873	70	3
1472861328.454	  50.00971	58	3
1472861329.454	  49.97739	63	3
1472861330.455	  49.97748	59	3
1472861331.456	  49.96862	71	3
1472861332.456	  49.97777	58	3
1472861333.456	  49.97845	65	3
1472861334.457	  49.99376	71	3
1472861335.456	  49.99488	75	3
1472861336.457	  49.99697	59	3
1472861337.456	  50.01234	67	3
1472861338.456	  50.01300	65	3
1472861339.455	  50.04685	56	3
1472861340.454	  50.05046	62	3
1472861341.454	  49.99116	54	3
1472861342.455	  49.90188	50	3
1472861343.458	  49.87118	67	3
1472861344.460	  49.89155	66	3
1472861345.461	  49.89600	54	3
1472861346.461	  50.00225	44	3
1472861347.461	  50.06424	51	3
1472861348.459	  50.11084	53	3
1472861349.456	  50.13458	68	3
1472861350.453	  50.13612	59	3
1472861351.450	  50.16439	68	3
1472861352.447	  50.15127	67	3
1472861353.444	  50.13229	66	3
1472861354.441	  50.13043	69	3
1472861355.438	  50.12469	70	3
1472861356.437	  50.08834	64	3
1472861357.436	  50.05763	56	3
1472861358.435	  50.02451	60	3
1472861359.435	  50.00240	57	3
1472861360.435	  50.00003	77	3
1472861361.435	  49.99854	70	3
1472861362.435	  49.99872	64	3
1472861363.434	  50.00093	68	3
1472861364.433	  50.04225	66	3
1472861365.432	  50.07301	53	3
1472861366.430	  50.12641	56	3
1472861367.427	  50.15350	69	3
1472861368.424	  50.15747	67	3
1472861369.420	  50.18708	57	3
1472861370.416	  50.18626	70	3
1472861371.413	  50.13370	60	3
1472861372.411	  50.10321	60	3
1472861373.408	  50.10149	65	3
1472861374.407	  50.10161	79	3
1472861375.405	  50.10516	57	3
1472861376.402	  50.14583	65	3
1472861377.399	  50.15926	73	3
1472861378.396	  50.13336	62	3
1472861379.394	  50.11379	79	3
1472861380.392	  50.06866	57	3
1472861381.391	  50.04394	58	3
1472861382.391	  49.99938	56	3
1472861383.392	  49.93973	62	3
1472861384.393	  49.93699	78	3
1472861385.394	  49.95929	66	3
1472861386.394	  49.96372	60	3
1472861387.394	  50.03633	60	3
1472861388.392	  50.05944	66	3
1472861389.391	  50.06104	64	3
1472861390.391	  50.02617	70	3
1472861391.389	  50.02542	67	3
1472861392.390	  50.02079	71	3
1472861393.390	  49.96802	65	3
1472861394.390	  49.95389	61	3
1472861395.391	  49.94924	63	3
1472861396.393	  49.92458	64	3
1472861397.395	  49.92589	70	3
1472861398.396	  49.92599	63	3
1472861399.396	  49.97018	63	3
1472861400.397	  49.97099	67	3
1472861401.397	  49.97121	66	3
1472861402.399	  49.90559	51	3
1472861403.401	  49.84917	57	3
1472861404.405	  49.83976	65	3
1472861405.408	  49.84209	68	3
1472861406.410	  49.89183	62	3
1472861407.412	  49.89351	58	3
1472861408.415	  49.88660	47	3
1472861409.419	  49.78211	51	3
1472861410.423	  49.78694	57	3
1472861411.426	  49.87090	58	3
1472861412.428	  49.87401	70	3
1472861413.431	  49.87127	67	3
1472861414.433	  49.87254	68	3
1472861415.436	  49.87547	76	3
1472861416.439	  49.85585	67	3
1472861417.441	  49.85433	63	3
1472861418.445	  49.83579	70	3
1472861419.448	  49.83203	61	3
1472861420.451	  49.83265	66	3
1472861421.454	  49.87015	60	3
1472861422.456	  49.88477	71	3
1472861423.459	  49.83880	62	3
1472861424.463	  49.79348	61	3
1472861425.468	  49.78895	57	3
1472861426.471	  49.82465	56	3
1472861427.474	  49.85706	61	3
1472861428.476	  49.87410	73	3
1472861429.479	  49.87926	65	3
1472861430.481	  49.88405	67	3
1472861431.483	  49.86540	66	3
1472861432.486	  49.86490	53	3
1472861433.489	  49.86698	64	3
1472861434.492	  49.86884	78	3
1472861435.493	  49.90350	57	3
1472861436.496	  49.90444	64	3
1472861437.498	  49.89061	66	3
1472861438.500	  49.89628	65	3
1472861439.502	  49.89002	72	3
1472861440.504	  49.88200	71	3
1472861441.506	  49.88486	69	3
1472861442.509	  49.89463	73	3
1472861443.511	  49.89040	67	3
1472861444.513	  49.89503	79	3
1472861445.514	  49.90851	64	3
1472861446.516	  49.91206	70	3
1472861447.518	  49.91580	68	3
1472861448.520	  49.91368	69	3
1472861449.521	  49.90543	71	3
1472861450.524	  49.90481	66	3
1472861451.525	  49.92088	75	3
1472861452.526	  49.92371	73	3
1472861453.528	  49.92343	72	3
1472861454.529	  49.93714	70	3
1472861455.530	  49.93524	58	3
1472861456.531	  49.93808	66	3
1472861457.533	  49.93989	69	3
1472861458.534	  49.94138	60	3
1472861459.534	  49.96010	72	3
1472861460.535	  49.96362	55	3
1472861461.535	  49.96153	79	3
1472861462.536	  49.96244	67	3
1472861463.537	  49.95648	69	3
1472861464.538	  49.95470	72	3
1472861465.539	  49.92368	63	3
1472861466.541	  49.89469	63	3
1472861467.543	  49.89749	70	3
1472861468.545	  49.91393	72	3
1472861469.546	  49.93546	70	3
1472861470.547	  49.95791	58	3
1472861471.548	  49.95860	65	3
1472861472.549	  49.90608	54	3
1472861473.552	  49.83843	55	3
1472861474.556	  49.79261	62	3
1472861475.561	  49.78638	67	3
1472861476.564	  49.80318	64	3
1472861477.568	  49.80631	61	3
1472861478.571	  49.84265	64	3
1472861479.574	  49.86120	74	3
1472861480.577	  49.86120	67	3
1472861481.579	  49.91265	62	3
1472861482.580	  49.91303	68	3
1472861483.581	  49.91692	63	3
1472861484.583	  49.93222	65	3
1472861485.584	  49.93035	67	3
1472861486.586	  49.91536	62	3
1472861487.588	  49.91511	71	3
1472861488.589	  49.91393	66	3
1472861489.591	  49.91013	75	3
1472861490.593	  49.93571	59	3
1472861491.594	  49.93786	61	3
1472861492.596	  49.93122	60	3
1472861493.598	  49.86558	58	3
1472861494.601	  49.84203	63	3
1472861495.605	  49.84349	74	3
1472861496.608	  49.86356	68	3
1472861497.610	  49.90447	58	3
1472861498.611	  49.99025	48	3
1472861499.610	  50.03728	66	3
1472861500.608	  50.04648	64	3
1472861501.607	  50.04764	77	3
1472861502.607	  50.04673	78	3
1472861503.606	  50.00409	57	3
1472861504.607	  49.96781	65	3
1472861505.607	  49.96765	62	3
1472861506.608	  49.96971	62	3
1472861507.608	  49.97367	65	3
1472861508.608	  50.02260	60	3
1472861509.607	  50.05443	66	3
1472861510.605	  50.05609	63	3
1472861511.605	  50.05327	67	3
1472861512.604	  50.04748	61	3
1472861513.603	  50.01091	62	3
1472861514.603	  50.01194	75	3
1472861515.602	  50.01663	60	3
1472861516.602	  50.04200	64	3
1472861517.675	  50.04327	55	3
1472861518.673	  50.09507	62	3
1472861519.671	  50.13180	66	3
1472861520.668	  50.13026	73	3
1472861521.665	  50.11792	61	3
1472861522.664	  50.11456	60	3
1472861523.661	  50.09441	55	3
1472861524.660	  50.09250	60	3
1472861525.658	  50.08319	60	3
1472861526.656	  50.09648	69	3
1472861527.654	  50.09720	65	3
1472861528.653	  50.06901	67	3
1472861529.651	  50.06570	69	3
1472861530.650	  50.07437	65	3
1472861531.648	  50.08472	65	3
1472861532.647	  50.09730	61	3
1472861533.644	  50.07748	61	3
1472861534.644	  50.05723	54	3
1472861535.643	  50.05200	67	3
1472861536.642	  50.03272	73	3
1472861537.641	  50.03385	65	3
1472861538.640	  50.03047	58	3
1472861539.640	  50.03000	65	3
1472861540.639	  50.02740	68	3
1472861541.639	  50.02459	69	3
1472861542.639	  50.02668	61	3
1472861543.639	  50.02040	71	3
1472861544.638	  50.00686	64	3
1472861545.638	  50.00795	63	3
1472861546.638	  50.03804	67	3
1472861547.636	  50.04145	61	3
1472861548.634	  50.07409	62	3
1472861549.633	  50.08018	64	3
1472861550.631	  50.08472	67	3
1472861551.630	  50.08356	63	3
1472861552.629	  50.02446	64	3
1472861553.629	  50.00995	70	3
1472861554.628	  50.01011	66	3
1472861555.628	  50.01061	63	3
1472861556.627	  50.03541	70	3
1472861557.626	  50.06306	65	3
1472861558.625	  50.09313	72	3
1472861559.622	  50.09466	69	3
1472861560.620	  50.12055	62	3
1472861561.618	  50.12332	73	3
1472861562.615	  50.10169	60	3
1472861563.613	  50.10197	64	3
1472861564.611	  50.10106	69	3
1472861565.610	  50.08039	56	3
1472861566.608	  50.08221	69	3
1472861567.606	  50.08212	68	3
1472861568.604	  50.08488	68	3
1472861569.603	  50.09808	65	3
1472861570.601	  50.10018	70	3
1472861571.599	  50.09818	61	3
1472861572.597	  50.07002	72	3
1472861573.596	  50.03000	59	3
1472861574.595	  50.02806	62	3
1472861575.596	  50.02715	66	3
1472861576.595	  50.04011	60	3
1472861577.593	  50.04089	60	3
1472861578.593	  50.01364	63	3
1472861579.593	  50.00995	67	3
1472861580.594	  49.92124	53	3
1472861581.597	  49.87436	59	3
1472861582.600	  49.84009	64	3
1472861583.603	  49.83450	61	3
1472861584.605	  49.83788	65	3
1472861585.608	  49.88705	65	3
1472861586.610	  49.89763	63	3
1472861587.612	  49.92716	63	3
1472861588.613	  49.92968	59	3
1472861589.614	  49.93398	65	3
1472861590.615	  49.95294	75	3
1472861591.616	  49.94433	71	3
1472861592.617	  49.92796	66	3
1472861593.619	  49.92295	61	3
1472861594.621	  49.87614	67	3
1472861595.624	  49.88006	71	3
1472861596.626	  49.87567	63	3
1472861597.628	  49.90781	59	3
1472861598.628	  49.91323	28	3
1472861599.624	  50.25611	31	3
1472861600.619	  50.29133	71	3
1472861601.613	  50.22951	45	3
1472861602.610	  50.13020	37	3
1472861603.609	  50.05893	50	3
1472861604.608	  50.04405	68	3
1472861605.607	  50.01120	69	3
1472861606.607	  50.00132	64	3
1472861607.606	  50.01596	73	3
1472861608.606	  50.04869	64	3
1472861609.604	  50.05335	69	3
1472861610.604	  50.06867	69	3
1472861611.601	  50.07297	60	3
1472861612.601	  50.07077	57	3
1472861613.599	  50.02994	70	3
1472861614.600	  49.99424	57	3
1472861615.600	  49.99543	61	3
1472861616.600	  49.98456	57	3
1472861617.600	  49.98940	67	3
1472861618.599	  50.00479	67	3
1472861619.600	  50.00123	65	3
1472861620.599	  50.00511	75	3
1472861621.598	  50.04677	70	3
1472861622.598	  50.04737	61	3
1472861623.597	  50.04856	66	3
1472861624.596	  50.03860	70	3
1472861625.595	  50.03782	69	3
1472861626.594	  50.03250	60	3
1472861627.593	  50.03676	59	3
1472861628.592	  50.03757	64	3
1472861629.592	  50.03763	68	3
1472861630.591	  50.01968	63	3
1472861631.591	  49.99637	66	3
1472861632.591	  49.99327	71	3
1472861633.592	  49.99227	72	3
1472861634.591	  49.99152	75	3
1472861635.591	  50.01005	62	3
1472861636.591	  50.04189	59	3
1472861637.590	  50.04290	67	3
1472861638.589	  50.04286	70	3
1472861639.588	  50.02740	55	3
1472861640.587	  50.02778	65	3
1472861641.587	  50.02603	68	3
1472861642.587	  50.02978	54	3
1472861643.586	  50.05473	70	3
1472861644.585	  50.05282	70	3
1472861645.583	  50.06369	62	3
1472861646.582	  50.06604	68	3
1472861647.581	  50.01877	61	3
1472861648.581	  49.99159	63	3
1472861649.581	  49.99046	68	3
1472861650.582	  49.98902	75	3
1472861651.581	  50.03128	63	3
1472861652.579	  50.08309	50	3
1472861653.577	  50.14745	46	3
1472861654.574	  50.18249	59	3
1472861655.569	  50.20054	57	3
1472861656.566	  50.19909	51	3
1472861657.563	  50.08930	41	3
1472861658.561	  50.08274	53	3
1472861659.561	  49.99858	51	3
1472861660.563	  49.94792	55	3
1472861661.563	  49.92363	51	3
1472861662.564	  49.97825	55	3
1472861663.563	  50.05263	51	3
1472861664.563	  50.05401	62	3
1472861665.561	  50.09106	60	3
1472861666.559	  50.10223	75	3
1472861667.557	  50.06921	65	3
1472861668.556	  50.05689	67	3
1472861669.554	  50.04881	72	3
1472861670.554	  50.03075	77	3
1472861671.553	  50.02994	73	3
1472861672.552	  50.03025	59	3
1472861673.551	  50.03820	70	3
1472861674.551	  50.03579	64	3
1472861675.550	  50.01811	77	3
1472861676.550	  50.01855	66	3
1472861677.550	  50.01758	61	3
1472861678.550	  49.99209	67	3
1472861679.550	  49.97238	71	3
1472861680.551	  50.00229	61	3
1472861681.550	  50.05655	60	3
1472861682.548	  50.10342	58	3
1472861683.546	  50.11506	64	3
1472861684.543	  50.11101	64	3
1472861685.541	  50.10960	73	3
1472861686.539	  50.08829	68	3
1472861687.537	  50.08666	73	3
1472861688.535	  50.09005	63	3
1472861689.534	  50.09087	72	3
1472861690.531	  50.11509	71	3
1472861691.529	  50.11647	68	3
1472861692.526	  50.11465	58	3
1472861693.524	  50.11594	69	3
1472861694.522	  50.11506	66	3
1472861695.520	  50.08218	75	3
1472861696.519	  50.07553	67	3
1472861697.519	  50.01345	65	3
1472861698.517	  50.01902	47	3
1472861699.514	  50.15126	54	3
1472861700.511	  50.15698	66	3
1472861701.508	  50.16100	68	3
1472861702.505	  50.11738	65	3
1472861703.502	  50.09742	64	3
1472861704.501	  50.06924	64	3
1472861705.500	  50.06776	69	3
1472861706.499	  50.06676	69	3
1472861707.497	  50.07466	62	3
1472861708.494	  50.11076	64	3
1472861709.493	  50.11057	72	3
1472861710.491	  50.11158	75	3
1472861711.488	  50.07864	62	3
1472861712.487	  50.07629	64	3
1472861713.486	  50.07146	51	3
1472861714.485	  49.99059	53	3
1472861715.486	  49.98574	69	3
1472861716.486	  49.98493	62	3
1472861717.486	  50.01580	56	3
1472861718.486	  50.06287	59	3
1472861719.484	  50.09473	67	3
1472861720.481	  50.11698	65	3
1472861721.479	  50.11695	74	3
1472861722.477	  50.08325	53	3
1472861723.475	  50.08246	62	3
1472861724.474	  50.06927	53	3
1472861725.472	  50.10289	61	3
1472861726.469	  50.13749	61	3
1472861727.466	  50.16745	65	3
1472861728.462	  50.21630	54	3
1472861729.457	  50.21768	60	3
1472861730.454	  50.16195	60	3
1472861731.451	  50.11754	53	3
1472861732.449	  50.06917	61	3
1472861733.449	  50.02528	60	3
1472861734.449	  49.99746	75	3
1472861735.449	  50.00154	73	3
1472861736.448	  50.04424	48	3
1472861737.447	  50.10577	54	3
1472861738.444	  50.11142	59	3
1472861739.443	  50.10574	57	3
1472861740.441	  50.06046	74	3
1472861741.439	  50.05842	74	3
1472861742.439	  50.01764	69	3
1472861743.438	  50.01680	64	3
1472861744.438	  50.06196	66	3
1472861745.436	  50.08453	63	3
1472861746.433	  50.08848	68	3
1472861747.431	  50.13840	67	3
1472861748.429	  50.13683	78	3
1472861749.427	  50.10169	63	3
1472861750.424	  50.10411	78	3
1472861751.422	  50.10775	68	3
1472861752.421	  50.10338	78	3
1472861753.418	  50.11600	68	3
1472861754.415	  50.12583	61	3
1472861755.413	  50.13058	66	3
1472861756.410	  50.12649	68	3
1472861757.408	  50.10696	56	3
1472861758.405	  50.10279	61	3
1472861759.403	  50.07785	70	3
1472861760.402	  50.05316	61	3
1472861761.401	  50.04333	66	3
1472861762.401	  50.05294	71	3
1472861763.399	  50.05454	68	3
1472861764.398	  50.05407	73	3
1472861765.397	  50.03529	69	3
1472861766.397	  50.00314	66	3
1472861767.398	  49.96530	59	3
1472861768.399	  49.93794	61	3
1472861769.401	  49.93554	66	3
1472861770.401	  49.96049	57	3
1472861771.402	  49.99190	59	3
1472861772.402	  50.01183	68	3
1472861773.401	  50.01073	70	3
1472861774.401	  50.01620	72	3
1472861775.400	  50.04646	63	3
1472861776.399	  50.03629	77	3
1472861777.399	  50.02271	59	3
1472861778.397	  50.02721	68	3
1472861779.397	  50.02152	64	3
1472861780.397	  50.02096	64	3
1472861781.396	  50.02349	72	3
1472861782.395	  50.04433	70	3
1472861783.394	  50.02994	58	3
1472861784.395	  49.97407	53	3
1472861785.396	  49.94511	67	3
1472861786.397	  49.93118	67	3
1472861787.399	  49.93211	69	3
1472861788.400	  49.92494	66	3
1472861789.401	  49.90685	56	3
1472861790.403	  49.90728	72	3
1472861791.405	  49.92706	69	3
1472861792.406	  49.92965	68	3
1472861793.406	  49.98649	67	3
1472861794.405	  50.01752	60	3
1472861795.405	  50.02215	61	3
1472861796.405	  50.01223	64	3
1472861797.405	  50.01380	64	3
1472861798.404	  50.03475	63	3
1472861799.403	  50.03742	63	3
1472861800.401	  50.08516	64	3
1472861801.399	  50.08274	68	3
1472861802.398	  50.07826	72	3
1472861803.396	  50.07162	75	3
1472861804.395	  50.07086	62	3
1472861805.394	  50.07112	72	3
1472861806.392	  50.07190	67	3
1472861807.390	  50.07575	70	3
1472861808.389	  50.08296	63	3
1472861809.387	  50.08190	68	3
1472861810.387	  50.04208	68	3
1472861811.386	  50.03720	61	3
1472861812.385	  50.01827	66	3
1472861813.385	  50.01079	63	3
1472861814.385	  50.01029	60	3
1472861815.383	  50.06901	59	3
1472861816.381	  50.10298	75	3
1472861817.379	  50.11965	76	3
1472861818.377	  50.12370	55	3
1472861819.373	  50.14802	69	3
1472861820.370	  50.14663	67	3
1472861821.368	  50.15361	79	3
1472861822.365	  50.11019	55	3
1472861823.363	  50.05758	49	3
1472861824.363	  49.98834	51	3
1472861825.364	  49.94177	58	3
1472861826.365	  49.94153	66	3
1472861827.366	  49.94611	58	3
1472861828.367	  49.97304	65	3
1472861829.367	  49.98699	58	3
1472861830.367	  49.98487	61	3
1472861831.367	  50.01301	67	3
1472861832.366	  50.04233	73	3
1472861833.365	  50.07861	61	3
1472861834.362	  50.11541	60	3
1472861835.360	  50.13749	74	3
1472861836.357	  50.14142	64	3
1472861837.354	  50.14170	75	3
1472861838.351	  50.16387	58	3
1472861839.348	  50.16365	71	3
1472861840.345	  50.13017	60	3
1472861841.343	  50.08805	71	3
1472861842.342	  50.08366	62	3
1472861843.341	  50.06861	70	3
1472861844.339	  50.09934	57	3
1472861845.336	  50.10310	67	3
1472861846.334	  50.10069	69	3
1472861847.333	  50.06322	67	3
1472861848.332	  50.04574	72	3
1472861849.331	  50.04026	70	3
1472861850.331	  50.00367	67	3
1472861851.331	  50.00489	72	3
1472861852.330	  49.98062	67	3
1472861853.331	  49.99505	65	3
1472861854.330	  49.99959	56	3
1472861855.329	  50.06729	51	3
1472861856.328	  50.09705	59	3
1472861857.326	  50.09259	51	3
1472861858.327	  49.95072	43	3
1472861859.328	  49.94626	62	3
1472861860.329	  49.94355	65	3
1472861861.329	  50.02449	50	3
1472861862.328	  50.07695	59	3
1472861863.326	  50.11252	62	3
1472861864.323	  50.12998	57	3
1472861865.320	  50.12768	67	3
1472861866.319	  50.08732	69	3
1472861867.317	  50.06156	72	3
1472861868.317	  50.05636	65	3
1472861869.316	  50.00070	52	3
1472861870.317	  49.98359	71	3
1472861871.317	  49.98356	63	3
1472861872.317	  49.97834	72	3
1472861873.317	  49.96230	62	3
1472861874.318	  49.94705	73	3
1472861875.320	  49.94941	80	3
1472861876.321	  49.95244	63	3
1472861877.321	  49.97575	66	3
1472861878.320	  50.03522	45	3
1472861879.319	  50.08657	66	3
1472861880.317	  50.08852	78	3
1472861881.315	  50.08757	62	3
1472861882.314	  50.06065	60	3
1472861883.314	  50.03466	68	3
1472861884.313	  49.99634	58	3
1472861885.313	  49.96052	63	3
1472861886.315	  49.95553	66	3
1472861887.316	  49.92766	71	3
1472861888.317	  49.95762	59	3
1472861889.317	  50.01261	48	3
1472861890.316	  50.04731	64	3
1472861891.315	  50.07043	68	3
1472861892.313	  50.09121	64	3
1472861893.312	  50.08864	66	3
1472861894.312	  50.00733	54	3
1472861895.312	  49.97210	61	3
1472861896.313	  49.93052	61	3
1472861897.314	  49.93320	65	3
1472861898.315	  49.93697	62	3
1472861899.316	  49.99252	62	3
1472861900.315	  49.99965	55	3
1472861901.314	  50.07218	59	3
1472861902.311	  50.09394	55	3
1472861903.310	  50.09062	64	3
1472861904.309	  50.09096	69	3
1472861905.307	  50.08808	76	3
1472861906.305	  50.05993	65	3
1472861907.304	  50.05871	62	3
1472861908.303	  50.09570	64	3
1472861909.300	  50.09987	69	3
1472861910.299	  50.09811	68	3
1472861911.296	  50.09331	79	3
1472861912.294	  50.07143	63	3
1472861913.293	  50.06049	62	3
1472861914.292	  50.06955	66	3
1472861915.291	  50.06949	63	3
1472861916.290	  50.06977	71	3
1472861917.288	  50.06679	71	3
1472861918.287	  50.01930	57	3
1472861919.287	  49.99461	62	3
1472861920.288	  49.98962	56	3
1472861921.289	  49.93731	63	3
1472861922.290	  49.94870	58	3
1472861923.292	  49.94885	72	3
1472861924.292	  49.94963	65	3
1472861925.292	  49.95175	68	3
1472861926.293	  49.99156	67	3
1472861927.293	  50.00733	74	3
1472861928.292	  50.02593	63	3
1472861929.291	  50.04609	65	3
1472861930.290	  50.05865	57	3
1472861931.290	  50.05273	68	3
1472861932.289	  50.01805	58	3
1472861933.289	  50.00939	58	3
1472861934.290	  49.97232	67	3
1472861935.289	  49.97719	64	3
1472861936.290	  49.97956	70	3
1472861937.290	  49.97154	76	3
1472861938.291	  49.97219	65	3
1472861939.291	  50.00136	58	3
1472861940.290	  50.02753	65	3
1472861941.290	  50.02759	60	3
1472861942.288	  50.05614	58	3
1472861943.287	  50.05360	69	3
1472861944.287	  50.05179	64	3
1472861945.286	  50.01111	57	3
1472861946.286	  49.98428	68	3
1472861947.287	  49.98050	65	3
1472861948.287	  49.97956	62	3
1472861949.288	  49.97797	62	3
1472861950.288	  49.96757	65	3
1472861951.288	  50.01129	61	3
1472861952.287	  50.03607	61	3
1472861953.286	  50.06908	67	3
1472861954.284	  50.07666	66	3
1472861955.283	  50.07149	61	3
1472861956.282	  50.07049	55	3
1472861957.281	  50.02553	69	3
1472861958.281	  49.99821	54	3
1472861959.281	  49.99621	68	3
1472861960.280	  49.99852	59	3
1472861961.281	  50.02312	69	3
1472861962.280	  50.04270	70	3
1472861963.279	  50.05946	69	3
1472861964.277	  50.05777	66	3
1472861965.275	  50.05961	63	3
1472861966.274	  50.05727	76	3
1472861967.273	  50.02653	61	3
1472861968.273	  50.01808	62	3
1472861969.273	  50.01958	67	3
1472861970.273	  49.96436	59	3
1472861971.274	  49.96302	63	3
1472861972.274	  49.96333	63	3
1472861973.275	  49.99702	66	3
1472861974.275	  50.03422	56	3
1472861975.274	  50.03795	67	3
1472861976.273	  50.03604	73	3
1472861977.272	  50.04152	69	3
1472861978.270	  50.06620	66	3
1472861979.269	  50.06798	71	3
1472861980.267	  50.06679	75	3
1472861981.266	  50.07525	71	3
1472861982.265	  50.07500	64	3
1472861983.263	  50.07344	73	3
1472861984.261	  50.07306	65	3
1472861985.261	  50.05382	67	3
1472861986.259	  50.04255	74	3
1472861987.259	  50.01417	63	3
1472861988.259	  50.01195	65	3
1472861989.259	  50.00870	62	3
1472861990.259	  50.01470	66	3
1472861991.258	  50.03563	68	3
1472861992.257	  50.03860	59	3
1472861993.255	  50.08005	63	3
1472861994.253	  50.10674	77	3
1472861995.250	  50.11104	78	3
1472861996.248	  50.11214	76	3
1472861997.246	  50.11349	64	3
1472861998.244	  50.10891	57	3
1472861999.242	  50.07829	70	3
1472862000.241	  50.07271	70	3
1472862001.240	  50.07027	70	3
1472862002.238	  50.12665	61	3
1472862003.235	  50.14066	64	3
1472862004.232	  50.13365	61	3
1472862005.231	  50.08140	58	3
1472862006.230	  50.03939	60	3
1472862007.230	  50.00442	63	3
1472862008.230	  49.97750	75	3
1472862009.230	  49.97478	71	3
1472862010.230	  49.97534	68	3
1472862011.230	  50.01696	66	3
1472862012.230	  50.04956	54	3
1472862013.228	  50.07146	71	3
1472862014.227	  50.08713	58	3
1472862015.224	  50.06485	65	3
1472862016.224	  50.06388	62	3
1472862017.223	  49.95868	39	3
1472862018.226	  49.89950	60	3
1472862019.227	  49.89629	59	3
1472862020.229	  49.93083	60	3
1472862021.230	  49.98974	52	3
1472862022.229	  50.05814	56	3
1472862023.226	  50.10637	51	3
1472862024.224	  50.13834	70	3
1472862025.222	  50.14048	67	3
1472862026.219	  50.09724	55	3
1472862027.217	  50.04953	53	3
1472862028.217	  50.02481	71	3
1472862029.216	  50.02690	58	3
1472862030.215	  50.07231	66	3
1472862031.213	  50.08240	55	3
1472862032.210	  50.14157	63	3
1472862033.207	  50.14085	70	3
1472862034.204	  50.13909	65	3
1472862035.203	  50.08921	59	3
1472862036.201	  50.06369	73	3
1472862037.200	  50.04023	68	3
1472862038.200	  50.01755	72	3
1472862039.199	  50.01620	61	3
1472862040.198	  50.06250	65	3
1472862041.196	  50.07908	63	3
1472862042.194	  50.09482	61	3
1472862043.193	  50.09786	67	3
1472862044.191	  50.04349	64	3
1472862045.191	  50.01805	62	3
1472862046.191	  49.98068	64	3
1472862047.192	  49.98612	60	3
1472862048.192	  49.96863	68	3
1472862049.192	  49.96851	61	3
1472862050.193	  49.99821	76	3
1472862051.192	  50.00039	66	3
1472862052.192	  50.01827	63	3
1472862053.191	  50.01933	67	3
1472862054.191	  50.03501	67	3
1472862055.190	  50.03707	76	3
1472862056.190	  50.03153	78	3
1472862057.189	  50.02590	66	3
1472862058.188	  50.02856	66	3
1472862059.189	  49.95924	46	3
1472862060.190	  49.92310	61	3
1472862061.191	  49.96074	55	3
1472862062.192	  49.96071	62	3
1472862063.192	  49.96442	65	3
1472862064.192	  49.98190	61	3
1472862065.193	  49.99333	65	3
1472862066.193	  49.99368	67	3
1472862067.193	  49.99534	74	3
1472862068.193	  50.02243	57	3
1472862069.193	  50.00682	67	3
1472862070.192	  50.00751	60	3
1472862071.192	  50.03038	67	3
1472862072.192	  50.00761	71	3
1472862073.191	  50.00254	61	3
1472862074.192	  49.98759	60	3
1472862075.191	  50.01705	63	3
1472862076.191	  50.02493	72	3
1472862077.191	  50.01730	58	3
1472862078.190	  50.01236	67	3
1472862079.190	  50.00933	74	3
1472862080.190	  50.01886	70	3
1472862081.190	  50.01808	67	3
1472862082.189	  50.01623	70	3
1472862083.189	  50.01874	72	3
1472862084.188	  50.04862	51	3
1472862085.186	  50.04969	62	3
1472862086.186	  50.05335	66	3
1472862087.184	  50.05204	69	3
1472862088.183	  50.05592	64	3
1472862089.182	  50.04371	69	3
1472862090.182	  50.04236	69	3
1472862091.181	  50.03955	51	3
1472862092.181	  50.01370	63	3
1472862093.180	  50.01561	64	3
1472862094.179	  50.02236	55	3
1472862095.178	  50.08309	61	3
1472862096.176	  50.08353	57	3
1472862097.174	  50.08343	68	3
1472862098.173	  50.07992	66	3
1472862099.171	  50.07572	63	3
1472862100.170	  50.04531	70	3
1472862101.169	  50.04480	71	3
1472862102.169	  50.02290	55	3
1472862103.169	  50.03657	68	3
1472862104.167	  50.04230	63	3
1472862105.166	  50.04465	54	3
1472862106.165	  50.06482	71	3
1472862107.163	  50.07284	65	3
1472862108.162	  50.06970	74	3
1472862109.161	  50.04568	67	3
1472862110.161	  50.04424	70	3
1472862111.159	  50.05470	62	3
1472862112.158	  50.06209	64	3
1472862113.157	  50.06720	68	3
1472862114.155	  50.07660	69	3
1472862115.153	  50.07820	68	3
1472862116.152	  50.06842	66	3
1472862117.150	  50.06927	72	3
1472862118.149	  50.07127	73	3
1472862119.148	  50.05000	69	3
1472862120.147	  50.04878	70	3
1472862121.146	  50.02627	78	3
1472862122.146	  50.02693	66	3
1472862123.145	  50.02168	68	3
1472862124.145	  50.02043	78	3
1472862125.144	  50.05063	63	3
1472862126.143	  50.05298	79	3
1472862127.141	  50.07836	65	3
1472862128.139	  50.07579	77	3
1472862129.138	  50.07829	67	3
1472862130.136	  50.10138	69	3
1472862131.133	  50.11716	64	3
1472862132.131	  50.10765	67	3
1472862133.130	  50.08002	61	3
1472862134.129	  50.03629	65	3
1472862135.128	  50.01902	64	3
1472862136.128	  50.01986	59	3
1472862137.128	  50.01999	75	3
1472862138.126	  50.02834	55	3
1472862139.125	  50.02687	60	3
1472862140.125	  50.05476	79	3
1472862141.124	  50.05529	66	3
1472862142.122	  50.05996	75	3
1472862143.121	  50.05968	69	3
1472862144.120	  50.03463	69	3
1472862145.120	  50.02155	66	3
1472862146.119	  50.01098	69	3
1472862147.119	  49.99768	69	3
1472862148.119	  49.99983	64	3
1472862149.118	  50.01846	63	3
1472862150.118	  50.04690	60	3
1472862151.117	  50.07616	63	3
1472862152.114	  50.08074	68	3
1472862153.113	  50.08033	66	3
1472862154.111	  50.07613	64	3
1472862155.110	  50.04606	62	3
1472862156.109	  50.03836	73	3
1472862157.109	  50.03488	68	3
1472862158.108	  50.01986	70	3
1472862159.108	  50.02071	73	3
1472862160.108	  49.98734	69	3
1472862161.109	  49.96851	73	3
1472862162.110	  49.96420	71	3
1472862163.111	  49.96092	69	3
1472862164.111	  49.96227	46	3
1472862165.110	  50.05824	65	3
1472862166.108	  50.07804	70	3
1472862167.107	  50.08021	70	3
1472862168.105	  50.06172	70	3
1472862169.104	  50.06100	66	3
1472862170.103	  50.02368	55	3
1472862171.103	  50.01818	72	3
1472862172.102	  50.01943	68	3
1472862173.102	  50.01902	81	3
1472862174.101	  50.04606	66	3
1472862175.100	  50.05291	70	3
1472862176.099	  50.05166	60	3
1472862177.098	  50.03200	71	3
1472862178.098	  49.96757	46	3
1472862179.100	  49.92491	61	3
1472862180.101	  49.92504	64	3
1472862181.103	  49.87508	62	3
1472862182.107	  49.83186	58	3
1472862183.110	  49.83742	72	3
1472862184.112	  49.87216	59	3
1472862185.114	  49.90887	62	3
1472862186.116	  49.90872	73	3
1472862187.118	  49.90660	61	3
1472862188.120	  49.85944	57	3
1472862189.123	  49.82004	70	3
1472862190.127	  49.82438	67	3
1472862191.130	  49.85739	66	3
1472862192.132	  49.86771	72	3
1472862193.135	  49.90075	66	3
1472862194.136	  49.93654	66	3
1472862195.137	  49.96130	67	3
1472862196.138	  49.95490	77	3
1472862197.139	  49.95079	64	3
1472862198.140	  49.91712	64	3
1472862199.142	  49.87688	59	3
1472862200.146	  49.85674	62	3
1472862201.148	  49.85397	69	3
1472862202.151	  49.87477	67	3
1472862203.153	  49.87492	72	3
1472862204.156	  49.87480	58	3
1472862205.158	  49.87101	71	3
1472862206.161	  49.86566	67	3
1472862207.163	  49.87458	66	3
1472862208.167	  49.87396	62	3
1472862209.168	  49.87551	69	3
1472862210.171	  49.90831	51	3
1472862211.172	  49.94243	64	3
1472862212.173	  49.94212	64	3
1472862213.174	  49.93657	74	3
1472862214.176	  49.91837	61	3
1472862215.177	  49.91429	62	3
1472862216.179	  49.91040	70	3
1472862217.181	  49.87141	69	3
1472862218.184	  49.87409	58	3
1472862219.187	  49.87153	66	3
1472862220.189	  49.86759	60	3
1472862221.191	  49.88761	60	3
1472862222.194	  49.92148	63	3
1472862223.195	  49.92647	64	3
1472862224.196	  49.93364	64	3
1472862225.197	  49.93258	63	3
1472862226.199	  49.89060	54	3
1472862227.201	  49.88967	72	3
1472862228.204	  49.87564	59	3
1472862229.206	  49.87517	71	3
1472862230.208	  49.87474	66	3
1472862231.211	  49.90165	58	3
1472862232.213	  49.89909	65	3
1472862233.214	  49.91784	66	3
1472862234.216	  49.93040	63	3
1472862235.217	  49.92339	62	3
1472862236.220	  49.86006	60	3
1472862237.223	  49.82792	61	3
1472862238.226	  49.82836	68	3
1472862239.230	  49.83078	67	3
1472862240.233	  49.89153	48	3
1472862241.234	  49.92834	72	3
1472862242.235	  49.95927	64	3
1472862243.235	  49.98484	62	3
1472862244.236	  49.98081	64	3
1472862245.236	  49.98162	74	3
1472862246.236	  49.96164	54	3
1472862247.237	  49.97400	71	3
1472862248.238	  49.97578	72	3
1472862249.238	  50.02540	51	3
1472862250.237	  50.05091	62	3
1472862251.235	  50.05138	68	3
1472862252.234	  50.10200	63	3
1472862253.231	  50.10200	75	3
1472862254.229	  50.10972	69	3
1472862255.227	  50.11016	76	3
1472862256.224	  50.10015	79	3
1472862257.222	  50.10203	76	3
1472862258.221	  50.09915	69	3
1472862259.219	  50.09940	70	3
1472862260.217	  50.10182	60	3
1472862261.215	  50.10163	66	3
1472862262.213	  50.10633	64	3
1472862263.210	  50.10370	62	3
1472862264.207	  50.13940	52	3
1472862265.204	  50.14051	69	3
1472862266.202	  50.14462	60	3
1472862267.198	  50.18328	60	3
1472862268.194	  50.18445	66	3
1472862269.190	  50.18435	66	3
1472862270.187	  50.13529	48	3
1472862271.186	  50.04606	47	3
1472862272.186	  49.99024	58	3
1472862273.186	  49.97244	72	3
1472862274.186	  49.97725	60	3
1472862275.186	  50.02236	65	3
1472862276.186	  50.04270	68	3
1472862277.184	  50.07086	69	3
1472862278.183	  50.06829	53	3
1472862279.182	  50.05633	61	3
1472862280.180	  50.05279	60	3
1472862281.179	  50.05438	73	3
1472862282.178	  50.05438	62	3
1472862283.177	  50.02881	68	3
1472862284.177	  50.03041	62	3
1472862285.176	  50.02922	67	3
1472862286.175	  50.05254	69	3
1472862287.175	  50.05003	62	3
1472862288.173	  50.05169	61	3
1472862289.171	  50.09883	67	3
1472862290.169	  50.10047	78	3
1472862291.167	  50.09796	66	3
1472862292.165	  50.06385	60	3
1472862293.165	  50.02540	57	3
1472862294.165	  49.96523	55	3
1472862295.166	  49.96545	65	3
1472862296.166	  49.96189	74	3
1472862297.166	  50.00286	57	3
1472862298.165	  50.00954	56	3
1472862299.164	  50.06018	64	3
1472862300.163	  50.06450	61	3
1472862301.161	  50.08544	73	3
1472862302.159	  50.08839	70	3
1472862303.157	  50.08848	70	3
1472862304.155	  50.11368	65	3
1472862305.153	  50.11434	65	3
1472862306.150	  50.11798	71	3
1472862307.148	  50.11616	60	3
1472862308.146	  50.09990	63	3
1472862309.144	  50.09444	69	3
1472862310.142	  50.09099	75	3
1472862311.140	  50.09175	74	3
1472862312.139	  50.09284	59	3
1472862313.137	  50.09309	58	3
1472862314.134	  50.09313	72	3
1472862315.133	  50.09498	70	3
1472862316.130	  50.09658	59	3
1472862317.128	  50.13076	53	3
1472862318.125	  50.13246	69	3
1472862319.122	  50.11833	71	3
1472862320.121	  50.07857	58	3
1472862321.120	  50.04462	63	3
1472862322.119	  50.01067	69	3
1472862323.119	  49.99365	70	3
1472862324.120	  49.99262	66	3
1472862325.120	  49.98762	63	3
1472862326.120	  49.96404	66	3
1472862327.121	  49.96923	60	3
1472862328.122	  49.97004	59	3
1472862329.122	  50.01401	54	3
1472862330.121	  50.02753	57	3
1472862331.120	  50.00964	63	3
1472862332.121	  50.00582	65	3
1472862333.121	  50.00605	62	3
1472862334.120	  50.00704	67	3
1472862335.120	  50.02077	59	3
1472862336.120	  50.02337	59	3
1472862337.118	  50.04101	61	3
1472862338.118	  50.01880	57	3
1472862339.118	  49.99718	62	3
1472862340.118	  50.01248	75	3
1472862341.118	  50.00911	62	3
1472862342.118	  49.99180	58	3
1472862343.118	  49.98053	67	3
1472862344.119	  49.97931	69	3
1472862345.119	  49.97594	69	3
1472862346.120	  49.96938	58	3
1472862347.121	  49.97166	76	3
1472862348.121	  49.97079	63	3
1472862349.122	  49.96988	64	3
1472862350.123	  49.96676	62	3
1472862351.124	  49.92806	63	3
1472862352.126	  49.92931	72	3
1472862353.127	  49.92871	61	3
1472862354.128	  49.90915	65	3
1472862355.130	  49.92451	64	3
1472862356.132	  49.88429	56	3
1472862357.134	  49.88531	62	3
1472862358.137	  49.87738	66	3
1472862359.139	  49.87791	63	3
1472862360.142	  49.87869	69	3
1472862361.143	  49.92924	58	3
1472862362.144	  49.97872	64	3
1472862363.144	  49.98081	64	3
1472862364.144	  49.98215	61	3
1472862365.145	  49.95088	63	3
1472862366.146	  49.94979	71	3
1472862367.147	  49.95865	71	3
1472862368.148	  49.93454	58	3
1472862369.150	  49.92987	68	3
1472862370.152	  49.89956	69	3
1472862371.153	  49.89997	70	3
1472862372.155	  49.90230	73	3
1472862373.156	  49.93351	62	3
1472862374.157	  49.93675	66	3
1472862375.160	  49.93009	56	3
1472862376.162	  49.88484	71	3
1472862377.164	  49.86588	68	3
1472862378.166	  49.86659	65	3
1472862379.170	  49.86768	69	3
1472862380.171	  49.91102	69	3
1472862381.173	  49.93691	62	3
1472862382.174	  49.93470	62	3
1472862383.175	  49.94165	75	3
1472862384.175	  49.94452	54	3
1472862385.177	  49.92049	72	3
1472862386.179	  49.88721	61	3
1472862387.181	  49.88257	64	3
1472862388.183	  49.89141	61	3
1472862389.185	  49.89206	69	3
1472862390.187	  49.93395	61	3
1472862391.187	  49.96149	59	3
1472862392.189	  49.94642	62	3
1472862393.190	  49.94976	69	3
1472862394.190	  49.96848	59	3
1472862395.190	  49.96554	71	3
1472862396.192	  49.92899	78	3
1472862397.194	  49.91585	71	3
1472862398.195	  49.92494	62	3
1472862399.197	  49.92781	76	3
1472862400.197	  49.93080	65	3
1472862401.198	  49.94801	70	3
1472862402.199	  49.96795	67	3
1472862403.200	  49.96548	60	3
1472862404.201	  49.92323	56	3
1472862405.203	  49.90022	69	3
1472862406.205	  49.88768	66	3
1472862407.207	  49.89269	63	3
1472862408.209	  49.89318	67	3
1472862409.211	  49.91339	72	3
1472862410.212	  49.93573	71	3
1472862411.212	  49.94131	63	3
1472862412.212	  50.03034	54	3
1472862413.212	  50.07171	62	3
1472862414.210	  50.07300	82	3
1472862415.208	  50.07378	75	3
1472862416.207	  50.07588	68	3
1472862417.205	  50.08315	62	3
1472862418.203	  50.08165	68	3
1472862419.201	  50.08547	69	3
1472862420.198	  50.12348	73	3
1472862421.196	  50.12693	64	3
1472862422.194	  50.08623	62	3
1472862423.193	  50.05705	63	3
1472862424.192	  50.04202	74	3
1472862425.191	  50.02390	68	3
1472862426.190	  50.02271	73	3
1472862427.191	  50.01958	66	3
1472862428.190	  50.01327	67	3
1472862429.190	  50.01408	69	3
1472862430.190	  50.01136	74	3
1472862431.189	  50.01564	71	3
1472862432.189	  50.01533	61	3
1472862433.188	  50.01702	64	3
1472862434.188	  50.01592	72	3
1472862435.188	  50.01964	70	3
1472862436.188	  50.01711	69	3
1472862437.188	  50.01333	75	3
1472862438.187	  50.03460	65	3
1472862439.186	  50.03789	70	3
1472862440.184	  50.03798	73	3
1472862441.184	  50.05266	69	3
1472862442.183	  50.05056	64	3
1472862443.181	  50.04941	69	3
1472862444.180	  50.05723	61	3
1472862445.179	  50.05457	79	3
1472862446.178	  50.05699	64	3
1472862447.177	  50.03166	63	3
1472862448.176	  50.03097	65	3
1472862449.176	  50.03253	68	3
1472862450.174	  50.08246	61	3
1472862451.172	  50.07591	67	3
1472862452.171	  50.07572	64	3
1472862453.170	  50.05746	72	3
1472862454.169	  50.03695	66	3
1472862455.168	  50.01846	63	3
1472862456.168	  50.01549	56	3
1472862457.168	  49.99437	62	3
1472862458.168	  50.01223	60	3
1472862459.167	  50.01742	64	3
1472862460.167	  50.06187	63	3
1472862461.166	  50.05905	75	3
1472862462.164	  50.03166	69	3
1472862463.164	  50.01464	72	3
1472862464.164	  50.01236	76	3
1472862465.163	  50.00176	65	3
1472862466.164	  50.00039	68	3
1472862467.163	  50.02265	59	3
1472862468.163	  50.01082	75	3
1472862469.163	  50.00798	67	3
1472862470.163	  50.00826	77	3
1472862471.163	  50.02953	70	3
1472862472.162	  50.02690	71	3
1472862473.161	  50.00761	58	3
1472862474.161	  50.00857	59	3
1472862475.160	  50.03576	68	3
1472862476.159	  50.07569	63	3
1472862477.157	  50.07375	61	3
1472862478.156	  50.06754	71	3
1472862479.155	  50.02512	51	3
1472862480.155	  49.98815	58	3
1472862481.156	  49.95387	60	3
1472862482.158	  49.92906	69	3
1472862483.159	  49.92641	55	3
1472862484.162	  49.88488	76	3
1472862485.164	  49.88400	61	3
1472862486.166	  49.88609	70	3
1472862487.167	  49.92588	60	3
1472862488.168	  49.96486	64	3
1472862489.168	  49.98484	68	3
1472862490.169	  49.97175	67	3
1472862491.170	  49.96736	70	3
1472862492.170	  49.96224	64	3
1472862493.172	  49.88338	50	3
1472862494.174	  49.88146	67	3
1472862495.178	  49.85652	71	3
1472862496.180	  49.88332	57	3
1472862497.182	  49.90732	60	3
1472862498.183	  49.93950	61	3
1472862499.185	  49.93757	69	3
1472862500.186	  49.92619	60	3
1472862501.187	  49.92952	68	3
1472862502.188	  49.95375	65	3
1472862503.189	  49.97538	73	3
1472862504.189	  49.97647	67	3
1472862505.189	  49.97341	70	3
1472862506.190	  49.97375	74	3
1472862507.191	  49.95456	66	3
1472862508.191	  49.95496	66	3
1472862509.193	  49.92556	64	3
1472862510.194	  49.92862	69	3
1472862511.196	  49.92909	62	3
